function p = sharpMotorcycleParameters()
    p.Cdelta = 6.77;
    p.Cf1 = 11174;
    p.Cf2 = 938.6;
    p.Cr1 = 15831;
    p.Cr2 = 1325.6;
    p.Crxz = -1.7355;
    p.Ifx = 1.2338;
    p.Ifz = 0.442;
    p.Irx = 31.18;
    p.Irz = 21.07;
    p.V = 0;
    p.Zf = -1005.3;
    p.a = 0.9485376;
    p.an = 0.1158;
    p.b = 0.4798;
    p.e = 0.0244;
    p.f = 0.0283;
    p.g = 9.81;
    p.h = 0.6157;
    p.ify = 0.7186;
    p.iry = 1.0508;
    p.j = 0.4167186306;
    p.k = 0.8796329043;
    p.mf = 30.65;
    p.mr = 217.45;
    p.rf = 0.3048;
    p.rr = 0.3048;
    p.sigma = 0.2438;
    p.varepsilon = 0.4715;
end